timestamp,touch_type,start_x,start_y,end_x,end_y,pressure,touch_size,duration_ms,velocity,acceleration,hold_duration_ms,touch_area
1773662297182,SWIPE_DOWN,397.56842,690.26729,395.30563,1017.37624,1.0,1.0,40,8177.9196,362.5598,0,1.0
1773662297587,SCROLL,881.44965,673.86048,871.06113,398.99638,1.0,1.0,189,1454.3074,148.6908,0,1.0
1773662301068,SWIPE_DOWN,426.94925,584.31941,428.99013,1132.96793,1.0,1.0,43,12759.3563,528.0054,0,1.0
1773662298832,TAP,363.63549,1174.56496,363.63549,1174.56496,1.0,1.0,49,0.0,0.0,49,1.0
1773662300366,TAP,150.53917,1586.67058,150.53917,1586.67058,1.0,1.0,59,0.0,0.0,59,1.0
1773662303017,SWIPE_RIGHT,616.49965,1363.75821,1057.41119,1349.99198,1.0,1.0,40,11028.1596,162.3859,0,1.0
1773662306782,TAP,626.85095,1275.85946,626.85095,1275.85946,1.0,1.0,71,0.0,0.0,71,1.0
1773662310678,TAP,334.08267,1026.5217,334.08267,1026.5217,1.0,1.0,65,0.0,0.0,65,1.0
1773662310462,SWIPE_DOWN,558.46333,835.33609,576.85971,1389.22618,1.0,1.0,127,4363.7441,220.5328,0,1.0
1773662301511,LONG_PRESS,659.75765,882.02704,659.75765,882.02704,1.0,1.0,1570,0.0,0.0,1570,1.0
1773662315472,TAP,739.93495,380.86726,739.93495,380.86726,1.0,1.0,30,0.0,0.0,30,1.0
1773662313231,SWIPE_RIGHT,185.81121,989.65599,490.65681,1015.71095,1.0,1.0,149,2053.4028,355.6079,0,1.0
1773662318950,SCROLL,450.72743,238.73177,447.82065,17.5513,1.0,1.0,222,996.3084,236.9405,0,1.0
1773662302863,SWIPE_LEFT,146.33533,1626.6839,-326.41395,1609.96098,1.0,1.0,129,3667.0152,578.38,0,1.0
1773662306240,TAP,56.34609,525.46888,56.34609,525.46888,1.0,1.0,58,0.0,0.0,58,1.0
1773662305522,TAP,470.24969,1260.96225,470.24969,1260.96225,1.0,1.0,74,0.0,0.0,74,1.0
1773662310030,SWIPE_LEFT,395.08496,731.12818,146.11111,710.97413,1.0,1.0,68,3673.3563,398.9354,0,1.0
1773662309592,TAP,731.12919,1349.00584,731.12919,1349.00584,1.0,1.0,50,0.0,0.0,50,1.0
1773662321392,SWIPE_DOWN,71.76474,1265.49814,76.94847,1567.29446,1.0,1.0,40,7546.0209,252.3945,0,1.0
1773662320438,SWIPE_DOWN,833.0179,1188.92297,839.68158,1540.92215,1.0,1.0,40,8801.5562,0,0,1.0
1773662326602,LONG_PRESS,244.42674,1582.73751,244.42674,1582.73751,1.0,1.0,946,0.0,0.0,946,1.0
1773662318413,SWIPE_DOWN,87.03374,786.67341,95.41692,1290.82502,1.0,1.0,40,12605.5326,552.3752,0,1.0
1773662309788,TAP,217.47284,1773.47244,217.47284,1773.47244,1.0,1.0,31,0.0,0.0,31,1.0
1773662318963,TAP,672.45314,1073.71525,672.45314,1073.71525,1.0,1.0,42,0.0,0.0,42,1.0
1773662328382,SWIPE_RIGHT,316.61251,297.50364,677.85511,290.65796,1.0,1.0,40,9032.6865,682.2656,0,1.0
1773662320207,SCROLL,394.60353,1191.7491,394.80281,1028.83321,1.0,1.0,298,546.6976,87.0619,0,1.0
1773662345724,SWIPE_DOWN,462.10535,592.33536,515.02007,927.45685,1.0,1.0,40,8481.8329,0,0,1.0
1773662320132,SWIPE_RIGHT,140.93683,274.81893,248.94631,271.45177,1.0,1.0,40,2701.5487,827.0058,0,1.0
1773662353182,TAP,237.7928,992.02956,237.7928,992.02956,1.0,1.0,19,0.0,0.0,19,1.0
1773662339203,SWIPE_RIGHT,745.30149,433.25126,1146.71496,449.09917,1.0,1.0,40,10043.1548,0,0,1.0
1773662344312,TAP,853.41773,1550.6158,853.41773,1550.6158,1.0,1.0,79,0.0,0.0,79,1.0
1773662324152,SWIPE_RIGHT,227.35002,572.72182,566.83672,573.8538,1.0,1.0,40,8487.2146,400.4187,0,1.0
1773662334814,SWIPE_UP,823.35405,1162.48954,819.63748,708.56251,1.0,1.0,40,11348.5561,51.0149,0,1.0
1773662319490,LONG_PRESS,694.58299,1108.60792,694.58299,1108.60792,1.0,1.0,1315,0.0,0.0,1315,1.0
1773662357634,SWIPE_RIGHT,559.36934,663.93892,797.36358,676.63463,1.0,1.0,40,5958.3155,3.1529,0,1.0
1773662343032,SWIPE_LEFT,130.51275,1383.15713,-128.63152,1377.80451,1.0,1.0,40,6479.9886,0,0,1.0
1773662355826,LONG_PRESS,171.43724,1355.20414,171.43724,1355.20414,1.0,1.0,1430,0.0,0.0,1430,1.0
1773662316496,TAP,346.54594,913.09506,346.54594,913.09506,1.0,1.0,83,0.0,0.0,83,1.0
1773662371586,LONG_PRESS,653.5481,494.04689,653.5481,494.04689,1.0,1.0,760,0.0,0.0,760,1.0
1773662374285,SWIPE_DOWN,516.65245,1067.37527,536.33461,1315.88513,1.0,1.0,129,1932.4656,237.9513,0,1.0
1773662331822,SCROLL,791.14729,602.64228,791.0816,521.62718,1.0,1.0,395,205.1015,156.3621,0,1.0
1773662359543,TAP,506.45707,1102.79475,506.45707,1102.79475,1.0,1.0,84,0.0,0.0,84,1.0
1773662374798,TAP,157.56216,1095.80683,157.56216,1095.80683,1.0,1.0,40,0.0,0.0,40,1.0
1773662350631,TAP,165.04808,290.69841,165.04808,290.69841,1.0,1.0,61,0.0,0.0,61,1.0
1773662328994,SWIPE_DOWN,677.0867,938.97958,627.59284,1298.96291,1.0,1.0,104,3493.9408,318.7145,0,1.0
1773662327737,SWIPE_DOWN,223.41498,1513.56826,245.3721,1798.23862,1.0,1.0,78,3660.4602,266.611,0,1.0
1773662383754,LONG_PRESS,770.37372,1542.15704,770.37372,1542.15704,1.0,1.0,634,0.0,0.0,634,1.0
1773662342772,TAP,56.58166,1053.1572,56.58166,1053.1572,1.0,1.0,94,0.0,0.0,94,1.0
1773662380750,SCROLL,406.60452,1383.66212,402.28193,1192.10778,1.0,1.0,223,858.9881,280.0428,0,1.0
1773662343634,SWIPE_DOWN,866.51698,1409.35846,880.67396,1937.13332,1.0,1.0,79,6683.0976,67.6177,0,1.0
1773662394682,TAP,430.58076,1606.76422,430.58076,1606.76422,1.0,1.0,86,0.0,0.0,86,1.0
1773662392501,TAP,158.44249,303.33748,158.44249,303.33748,1.0,1.0,45,0.0,0.0,45,1.0
1773662354538,SWIPE_DOWN,204.42462,1439.37664,191.37246,1746.95208,1.0,1.0,40,7696.3063,302.8574,0,1.0
1773662332427,SWIPE_LEFT,567.10744,965.5265,118.36771,954.77091,1.0,1.0,178,2521.7338,1055.8568,0,1.0
1773662401672,SCROLL,580.92349,724.77624,587.94185,436.8805,1.0,1.0,169,1703.5251,173.8864,0,1.0
1773662328147,SWIPE_DOWN,154.59782,955.33857,115.4473,1525.68281,1.0,1.0,88,6496.4361,360.7307,0,1.0
1773662330278,TAP,387.79785,377.30159,387.79785,377.30159,1.0,1.0,49,0.0,0.0,49,1.0
1773662336683,SWIPE_UP,474.17101,1731.70234,471.38766,1398.1629,1.0,1.0,86,3878.5006,0,0,1.0
1773662380992,TAP,391.5439,455.90954,391.5439,455.90954,1.0,1.0,76,0.0,0.0,76,1.0
1773662334470,TAP,275.60652,1604.74576,275.60652,1604.74576,1.0,1.0,51,0.0,0.0,51,1.0
